key | raw (meanH,CV,n) | clean | clean_weekday
10/d1/06-09 (15.3, 1.15, 655) (16.3, 0.9, 555) (16.2, 0.94, 407)
10/d1/09-16 (13.3, 0.81, 1545) (13.3, 0.76, 1500) (12.9, 0.8, 1118)
10/d1/16-19 (16.9, 1.03, 524) (16.9, 0.99, 507) (17.6, 1.03, 349)
10/d2/06-09 (14.7, 0.99, 677) (14.8, 0.89, 626) (14.6, 0.89, 454)
10/d2/09-16 (14.2, 0.94, 1546) (14.2, 0.81, 1449) (14.0, 0.85, 1048)
10/d2/16-19 (17.8, 0.95, 497) (17.4, 0.84, 483) (16.7, 0.75, 343)
12/d1/06-09 (19.3, 1.13, 524) (23.1, 0.94, 420) (22.5, 0.9, 312)
12/d1/09-16 (15.8, 0.64, 1380) (15.9, 0.6, 1349) (15.3, 0.64, 1024)
12/d1/16-19 (19.6, 0.84, 487) (19.9, 0.82, 480) (19.8, 0.91, 351)
12/d2/06-09 (23.0, 0.97, 434) (25.9, 0.85, 386) (24.8, 0.84, 290)
12/d2/09-16 (20.0, 0.72, 1138) (20.1, 0.7, 1117) (19.9, 0.74, 808)
12/d2/16-19 (23.2, 0.72, 411) (23.3, 0.72, 409) (22.5, 0.77, 303)
46/d1/06-09 (13.6, 1.23, 735) (16.2, 1.05, 615) (15.5, 1.08, 462)
46/d1/09-16 (12.1, 0.78, 1878) (12.5, 0.72, 1792) (11.8, 0.74, 1357)
46/d1/16-19 (14.1, 0.77, 663) (14.6, 0.73, 637) (14.3, 0.76, 462)
46/d2/06-09 (13.0, 1.14, 763) (15.0, 1.0, 660) (14.6, 1.01, 483)
46/d2/09-16 (11.5, 0.65, 1967) (11.6, 0.56, 1923) (11.0, 0.57, 1444)
46/d2/16-19 (13.0, 0.74, 721) (13.2, 0.73, 710) (12.4, 0.78, 538)
{'raw': (0.64, 0.8899999999999999, 1.23), 'clean': (0.56, 0.815, 1.05), 'clean_weekday': (0.57, 0.8200000000000001, 1.08)}
